0	2	1.4606	0.1826	0.0730	0.80	0.01	0.7987	0.0986	0.006	0.06	0.0008174	5.09
2	5	1.4606	0.1826	0.0730	0.20	0.04	0.7987	0.0986	0.005	0.04	0.0008174	5.09
5	10	1.4606	0.1826	0.0730	0.00	0.25	0.7987	0.0986	0.004	0.03	0.0008174	5.09
10	20	1.4606	0.1826	0.0730	0.00	0.30	0.7987	0.0986	0.004	0.01	0.0008174	5.09
20	30	1.4155	0.2010	0.0860	0.00	0.10	0.7603	0.1309	0.003	0.00	0.0008174	5.05
30	45	1.4155	0.2010	0.0860	0.00	0.05	0.7603	0.1309	0.003	0.00	0.0008174	5.05
45	60	1.4155	0.2010	0.0860	0.00	0.04	0.7603	0.1309	0.003	0.00	0.0008174	5.05
60	75	1.4155	0.2010	0.0860	0.00	0.03	0.7603	0.1309	0.003	0.00	0.0008174	5.05
75	90	1.4155	0.2010	0.0860	0.00	0.02	0.7603	0.1309	0.002	0.00	0.0008174	5.05
90	105	1.4155	0.2010	0.0860	0.00	0.01	0.7603	0.1309	0.002	0.00	0.0008174	5.05
105	120	1.4155	0.2010	0.0860	0.00	0.00	0.7603	0.1309	0.002	0.00	0.0008174	5.05
120	150	1.4155	0.2010	0.0860	0.00	0.00	0.7603	0.1309	0.002	0.00	0.0008174	5.05
150	180	1.4155	0.2010	0.0860	0.00	0.00	0.7603	0.1309	0.002	0.00	0.0008174	5.05
180	210	1.4155	0.2010	0.0860	0.00	0.00	0.7603	0.1309	0.002	0.00	0.0008174	5.05





