0	2	1.5102	0.1633	0.0611	0.80	0.01	0.8443	0.0725	0.006	0.05	0.0013306	5.02
2	5	1.5102	0.1633	0.0611	0.20	0.04	0.8443	0.0725	0.005	0.04	0.0013306	5.02
5	10	1.5102	0.1633	0.0611	0.00	0.25	0.8443	0.0725	0.004	0.02	0.0013306	5.02
10	20	1.5102	0.1633	0.0611	0.00	0.30	0.8443	0.0725	0.004	0.01	0.0013306	5.02
20	30	1.4665	0.1779	0.0723	0.00	0.10	0.8266	0.0979	0.004	0.00	0.0013306	5.01
30	45	1.4665	0.1779	0.0723	0.00	0.05	0.8266	0.0979	0.003	0.00	0.0013306	5.01
45	60	1.4665	0.1779	0.0723	0.00	0.04	0.8266	0.0979	0.003	0.00	0.0013306	5.01
60	75	1.4665	0.1779	0.0723	0.00	0.03	0.8266	0.0979	0.003	0.00	0.0013306	5.01
75	90	1.4665	0.1779	0.0723	0.00	0.02	0.8266	0.0979	0.002	0.00	0.0013306	5.01
90	105	1.4665	0.1779	0.0723	0.00	0.01	0.8266	0.0979	0.002	0.00	0.0013306	5.01
105	120	1.4665	0.1779	0.0723	0.00	0.00	0.8266	0.0979	0.002	0.00	0.0013306	5.01
120	150	1.4665	0.1779	0.0723	0.00	0.00	0.8266	0.0979	0.002	0.00	0.0013306	5.01
150	180	1.4665	0.1779	0.0723	0.00	0.00	0.8266	0.0979	0.002	0.00	0.0013306	5.01
180	210	1.4665	0.1779	0.0723	0.00	0.00	0.8266	0.0979	0.002	0.00	0.0013306	5.01





