0	2	1.4658	0.1794	0.0720	0.80	0.01	0.8141	0.0968	0.007	0.06	0.0008519	4.92
2	5	1.4658	0.1794	0.0720	0.20	0.04	0.8141	0.0968	0.006	0.04	0.0008519	4.92
5	10	1.4658	0.1794	0.0720	0.00	0.25	0.8141	0.0968	0.005	0.03	0.0008519	4.92
10	20	1.4658	0.1794	0.0720	0.00	0.30	0.8141	0.0968	0.005	0.01	0.0008519	4.92
20	30	1.4369	0.1906	0.0804	0.00	0.10	0.7947	0.1169	0.005	0.00	0.0008519	4.88
30	45	1.4369	0.1906	0.0804	0.00	0.05	0.7947	0.1169	0.004	0.00	0.0008519	4.88
45	60	1.4369	0.1906	0.0804	0.00	0.04	0.7947	0.1169	0.004	0.00	0.0008519	4.88
60	75	1.4369	0.1906	0.0804	0.00	0.03	0.7947	0.1169	0.003	0.00	0.0008519	4.88
75	90	1.4369	0.1906	0.0804	0.00	0.02	0.7947	0.1169	0.003	0.00	0.0008519	4.88
90	105	1.4369	0.1906	0.0804	0.00	0.01	0.7947	0.1169	0.003	0.00	0.0008519	4.88
105	120	1.4369	0.1906	0.0804	0.00	0.00	0.7947	0.1169	0.003	0.00	0.0008519	4.88
120	150	1.4369	0.1906	0.0804	0.00	0.00	0.7947	0.1169	0.003	0.00	0.0008519	4.88
150	180	1.4369	0.1906	0.0804	0.00	0.00	0.7947	0.1169	0.002	0.00	0.0008519	4.88
180	210	1.4369	0.1906	0.0804	0.00	0.00	0.7947	0.1169	0.002	0.00	0.0008519	4.88





