0	2	1.5290	0.1612	0.0569	0.80	0.01	0.8276	0.0617	0.005	0.05	0.0015658	5.04
2	5	1.5290	0.1612	0.0569	0.20	0.04	0.8276	0.0617	0.004	0.03	0.0015658	5.04
5	10	1.5290	0.1612	0.0569	0.00	0.25	0.8276	0.0617	0.004	0.02	0.0015658	5.04
10	20	1.5290	0.1612	0.0569	0.00	0.30	0.8276	0.0617	0.003	0.01	0.0015658	5.04
20	30	1.4769	0.1778	0.0685	0.00	0.10	0.7995	0.0875	0.003	0.00	0.0015658	4.93
30	45	1.4769	0.1778	0.0685	0.00	0.10	0.7995	0.0875	0.003	0.00	0.0015658	4.93
45	60	1.4769	0.1778	0.0685	0.00	0.09	0.7995	0.0875	0.003	0.00	0.0015658	4.93
60	75	1.4769	0.1778	0.0685	0.00	0.03	0.7995	0.0875	0.002	0.00	0.0015658	4.93
75	90	1.4769	0.1778	0.0685	0.00	0.02	0.7995	0.0875	0.002	0.00	0.0015658	4.93
90	105	1.4769	0.1778	0.0685	0.00	0.01	0.7995	0.0875	0.002	0.00	0.0015658	4.93
105	120	1.4769	0.1778	0.0685	0.00	0.00	0.7995	0.0875	0.002	0.00	0.0015658	4.93
120	150	1.4769	0.1778	0.0685	0.00	0.00	0.7995	0.0875	0.002	0.00	0.0015658	4.93
150	180	1.4769	0.1778	0.0685	0.00	0.00	0.7995	0.0875	0.002	0.00	0.0015658	4.93
180	210	1.4769	0.1778	0.0685	0.00	0.00	0.7995	0.0875	0.002	0.00	0.0015658	4.93





