0	2	1.4933	0.1720	0.0646	0.80	0.01	0.8114	0.0787	0.005	0.05	0.0011502	5.08
2	5	1.4933	0.1720	0.0646	0.20	0.04	0.8114	0.0787	0.005	0.04	0.0011502	5.08
5	10	1.4933	0.1720	0.0646	0.00	0.25	0.8114	0.0787	0.004	0.03	0.0011502	5.08
10	20	1.4933	0.1720	0.0646	0.00	0.30	0.8114	0.0787	0.003	0.01	0.0011502	5.08
20	30	1.4147	0.2015	0.0861	0.00	0.10	0.7575	0.1312	0.003	0.00	0.0011502	4.88
30	45	1.4147	0.2015	0.0861	0.00	0.05	0.7575	0.1312	0.003	0.00	0.0011502	4.88
45	60	1.4147	0.2015	0.0861	0.00	0.04	0.7575	0.1312	0.002	0.00	0.0011502	4.88
60	75	1.4147	0.2015	0.0861	0.00	0.03	0.7575	0.1312	0.002	0.00	0.0011502	4.88
75	90	1.4147	0.2015	0.0861	0.00	0.02	0.7575	0.1312	0.002	0.00	0.0011502	4.88
90	105	1.4147	0.2015	0.0861	0.00	0.01	0.7575	0.1312	0.002	0.00	0.0011502	4.88
105	120	1.4147	0.2015	0.0861	0.00	0.00	0.7575	0.1312	0.002	0.00	0.0011502	4.88
120	150	1.4147	0.2015	0.0861	0.00	0.00	0.7575	0.1312	0.002	0.00	0.0011502	4.88
150	180	1.4147	0.2015	0.0861	0.00	0.00	0.7575	0.1312	0.002	0.00	0.0011502	4.88
180	210	1.4147	0.2015	0.0861	0.00	0.00	0.7575	0.1312	0.001	0.00	0.0011502	4.88





