0	2	1.4914	0.1715	0.0652	0.80	0.01	0.8188	0.0806	0.008	0.05	0.0011229	5.12
2	5	1.4914	0.1715	0.0652	0.20	0.04	0.8188	0.0806	0.007	0.04	0.0011229	5.12
5	10	1.4914	0.1715	0.0652	0.00	0.25	0.8188	0.0806	0.006	0.03	0.0011229	5.12
10	20	1.4914	0.1715	0.0652	0.00	0.30	0.8188	0.0806	0.005	0.01	0.0011229	5.12
20	30	1.4841	0.1749	0.0668	0.00	0.10	0.8071	0.0838	0.004	0.00	0.0011229	5.03
30	45	1.4841	0.1749	0.0668	0.00	0.05	0.8071	0.0838	0.004	0.00	0.0011229	5.03
45	60	1.4841	0.1749	0.0668	0.00	0.04	0.8071	0.0838	0.003	0.00	0.0011229	5.03
60	75	1.4841	0.1749	0.0668	0.00	0.03	0.8071	0.0838	0.003	0.00	0.0011229	5.03
75	90	1.4841	0.1749	0.0668	0.00	0.02	0.8071	0.0838	0.003	0.00	0.0011229	5.03
90	105	1.4841	0.1749	0.0668	0.00	0.01	0.8071	0.0838	0.003	0.00	0.0011229	5.03
105	120	1.4841	0.1749	0.0668	0.00	0.00	0.8071	0.0838	0.003	0.00	0.0011229	5.03
120	150	1.4841	0.1749	0.0668	0.00	0.00	0.8071	0.0838	0.002	0.00	0.0011229	5.03
150	180	1.4841	0.1749	0.0668	0.00	0.00	0.8071	0.0838	0.002	0.00	0.0011229	5.03
180	210	1.4841	0.1749	0.0668	0.00	0.00	0.8071	0.0838	0.002	0.00	0.0011229	5.03





