0	2	1.5749	0.1454	0.0486	0.80	0.01	0.8661	0.0462	0.006	0.04	0.0021903	5.08
2	5	1.5749	0.1454	0.0486	0.20	0.04	0.8661	0.0462	0.005	0.03	0.0021903	5.08
5	10	1.5749	0.1454	0.0486	0.00	0.25	0.8661	0.0462	0.004	0.02	0.0021903	5.08
10	20	1.5749	0.1454	0.0486	0.00	0.30	0.8661	0.0462	0.004	0.01	0.0021903	5.08
20	30	1.5175	0.1636	0.0593	0.00	0.10	0.8287	0.0673	0.003	0.00	0.0021903	4.97
30	45	1.5175	0.1636	0.0593	0.00	0.05	0.8287	0.0673	0.003	0.00	0.0021903	4.97
45	60	1.5175	0.1636	0.0593	0.00	0.04	0.8287	0.0673	0.003	0.00	0.0021903	4.97
60	75	1.5175	0.1636	0.0593	0.00	0.03	0.8287	0.0673	0.003	0.00	0.0021903	4.97
75	90	1.5175	0.1636	0.0593	0.00	0.02	0.8287	0.0673	0.002	0.00	0.0021903	4.97
90	105	1.5175	0.1636	0.0593	0.00	0.01	0.8287	0.0673	0.002	0.00	0.0021903	4.97
105	120	1.5175	0.1636	0.0593	0.00	0.00	0.8287	0.0673	0.002	0.00	0.0021903	4.97
120	150	1.5175	0.1636	0.0593	0.00	0.00	0.8287	0.0673	0.002	0.00	0.0021903	4.97
150	180	1.5175	0.1636	0.0593	0.00	0.00	0.8287	0.0673	0.002	0.00	0.0021903	4.97
180	210	1.5175	0.1636	0.0593	0.00	0.00	0.8287	0.0673	0.002	0.00	0.0021903	4.97







