0	2	1.4511	0.1874	0.0751	0.80	0.01	0.7797	0.1032	0.007	0.06	0.0007495	5.12
2	5	1.4511	0.1874	0.0751	0.20	0.04	0.7797	0.1032	0.006	0.05	0.0007495	5.12
5	10	1.4511	0.1874	0.0751	0.00	0.25	0.7797	0.1032	0.005	0.03	0.0007495	5.12
10	20	1.4511	0.1874	0.0751	0.00	0.30	0.7797	0.1032	0.004	0.02	0.0007495	5.12
20	30	1.4160	0.2004	0.0862	0.00	0.10	0.7659	0.1314	0.004	0.00	0.0007495	5.04
30	45	1.4160	0.2004	0.0862	0.00	0.05	0.7659	0.1314	0.003	0.00	0.0007495	5.04
45	60	1.4160	0.2004	0.0862	0.00	0.04	0.7659	0.1314	0.003	0.00	0.0007495	5.04
60	75	1.4160	0.2004	0.0862	0.00	0.03	0.7659	0.1314	0.003	0.00	0.0007495	5.04
75	90	1.4160	0.2004	0.0862	0.00	0.02	0.7659	0.1314	0.003	0.00	0.0007495	5.04
90	105	1.4160	0.2004	0.0862	0.00	0.01	0.7659	0.1314	0.002	0.00	0.0007495	5.04
105	120	1.4160	0.2004	0.0862	0.00	0.00	0.7659	0.1314	0.002	0.00	0.0007495	5.04
120	150	1.4160	0.2004	0.0862	0.00	0.00	0.7659	0.1314	0.002	0.00	0.0007495	5.04
150	180	1.4160	0.2004	0.0862	0.00	0.00	0.7659	0.1314	0.002	0.00	0.0007495	5.04
180	210	1.4160	0.2004	0.0862	0.00	0.00	0.7659	0.1314	0.002	0.00	0.0007495	5.04







